epoch,AUC,accuracy,false_negatives,false_positives,loss,lr,sensitivity_at_specificity,specificity_at_sensitivity,true_negatives,true_positives,val_AUC,val_accuracy,val_false_negatives,val_false_positives,val_loss,val_sensitivity_at_specificity,val_specificity_at_sensitivity,val_true_negatives,val_true_positives
0,0.628506600856781,0.7167139053344727,393.0,107.0,0.5659728646278381,0.01,0.06681514531373978,0.18161094188690186,1209.0,56.0,0.7606056332588196,0.7463672161102295,192.0,0.0,0.5188431143760681,0.28125,0.24778760969638824,565.0,0.0
1,0.8277961015701294,0.8130311369895935,246.0,84.0,0.42476290464401245,0.01,0.4187082350254059,0.34726443886756897,1232.0,203.0,0.8795998692512512,0.8414795398712158,103.0,17.0,0.38946232199668884,0.5572916865348816,0.49734511971473694,548.0,89.0
2,0.899675726890564,0.8668555021286011,149.0,86.0,0.3328823447227478,0.01,0.5991091132164001,0.4855623245239258,1230.0,300.0,0.889551043510437,0.8295904994010925,45.0,84.0,0.3749624192714691,0.6458333134651184,0.39823007583618164,481.0,147.0
3,0.9489763975143433,0.9019830226898193,104.0,69.0,0.2421853244304657,0.01,0.7616926431655884,0.7211246490478516,1247.0,345.0,0.895833432674408,0.8150594234466553,32.0,108.0,0.42693930864334106,0.6979166865348816,0.4318584203720093,457.0,160.0
4,0.9690066576004028,0.9229461550712585,81.0,55.0,0.18874803185462952,0.01,0.8485523462295532,0.8571428656578064,1261.0,368.0,0.879572331905365,0.848084568977356,106.0,9.0,0.3848593533039093,0.5729166865348816,0.45840707421302795,556.0,86.0
5,0.9656116366386414,0.9229461550712585,78.0,58.0,0.20089000463485718,0.01,0.832962155342102,0.8244680762290955,1258.0,371.0,0.8838773369789124,0.845442533493042,112.0,5.0,0.6585984230041504,0.65625,0.0,560.0,80.0
6,0.9773237705230713,0.9444759488105774,61.0,37.0,0.15859903395175934,0.01,0.9086859822273254,0.8966565132141113,1279.0,388.0,0.9322501420974731,0.9048877358436584,58.0,14.0,0.2964911460876465,0.7604166865348816,0.6725663542747498,551.0,134.0
7,0.9901934266090393,0.9626062512397766,35.0,31.0,0.10619983822107315,0.01,0.9688196182250977,0.9566869139671326,1285.0,414.0,0.8690725564956665,0.8692206144332886,98.0,1.0,0.7015745043754578,0.7291666865348816,0.0,564.0,94.0
8,0.9839587807655334,0.9495750665664673,52.0,37.0,0.13348864018917084,0.01,0.9086859822273254,0.9255319237709045,1279.0,397.0,0.9204092621803284,0.8956406712532043,58.0,21.0,0.3635241687297821,0.7083333134651184,0.0,544.0,134.0
9,0.9924486875534058,0.9756373763084412,25.0,18.0,0.07927257567644119,0.01,0.9710467457771301,0.9772036671638489,1298.0,424.0,0.9413025379180908,0.885072648525238,31.0,56.0,0.339773952960968,0.7291666865348816,0.6672566533088684,509.0,161.0
10,0.9875145554542542,0.9660056829452515,34.0,26.0,0.10536817461252213,0.009995002,0.9665924310684204,0.975683867931366,1290.0,415.0,0.9015210270881653,0.8428005576133728,33.0,86.0,0.4824530780315399,0.7239583134651184,0.467256635427475,479.0,159.0
11,0.9929139018058777,0.9722379446029663,24.0,25.0,0.0841117724776268,0.009989508,0.9755011200904846,0.9779635071754456,1291.0,425.0,0.9063284397125244,0.883751630783081,63.0,25.0,0.34251320362091064,0.6770833134651184,0.3964601755142212,540.0,129.0
12,0.9959349036216736,0.9813030958175659,18.0,15.0,0.04925394803285599,0.009983518,0.9888641238212585,0.9939209818840027,1301.0,431.0,0.8959117531776428,0.8745046257972717,57.0,38.0,0.41015365719795227,0.65625,0.0,527.0,135.0
13,0.9964857697486877,0.9756373763084412,23.0,20.0,0.06369499862194061,0.009977033,0.9866369962692261,0.9848024249076843,1296.0,426.0,0.9229996800422668,0.8824306726455688,60.0,29.0,0.4207153022289276,0.6822916865348816,0.0,536.0,132.0
14,0.9974182844161987,0.976203978061676,19.0,23.0,0.058580730110406876,0.009970054,0.993318498134613,0.9878419637680054,1293.0,430.0,0.8825773596763611,0.8692206144332886,69.0,30.0,0.42455700039863586,0.640625,0.0,535.0,123.0
15,0.994333028793335,0.9739376902580261,27.0,19.0,0.07351957261562347,0.009962582,0.9844098091125488,0.9825227856636047,1297.0,422.0,0.8943169713020325,0.8361955285072327,113.0,11.0,0.42628923058509827,0.5208333134651184,0.5309734344482422,554.0,79.0
16,0.9931297302246094,0.9671388268470764,32.0,26.0,0.08765746653079987,0.009954618,0.9821826219558716,0.9749240279197693,1290.0,417.0,0.8712896108627319,0.883751630783081,75.0,13.0,0.6206090450286865,0.671875,0.0,552.0,117.0
17,0.9955930709838867,0.9807365536689758,18.0,16.0,0.05497287958860397,0.009946164,0.9888641238212585,0.9939209818840027,1300.0,431.0,0.8372096419334412,0.8784676194190979,85.0,7.0,1.0590687990188599,0.6510416865348816,0.0,558.0,107.0
18,0.9969266653060913,0.9852691292762756,13.0,13.0,0.04712839052081108,0.00993722,0.9866369962692261,0.9954407215118408,1303.0,436.0,0.9188007116317749,0.9048877358436584,47.0,25.0,0.35210826992988586,0.7604166865348816,0.0,540.0,145.0
19,0.9917969703674316,0.9716714024543762,28.0,22.0,0.07910145819187164,0.009927789,0.9777283072471619,0.9817629456520081,1294.0,421.0,0.9090845584869385,0.846763551235199,37.0,79.0,0.3813246786594391,0.6510416865348816,0.5026548504829407,486.0,155.0
20,0.9967581629753113,0.9835693836212158,17.0,12.0,0.049025487154722214,0.009917871,0.9910913109779358,0.9946808218955994,1304.0,432.0,0.9198423027992249,0.9048877358436584,67.0,5.0,0.362946480512619,0.7760416865348816,0.0,560.0,125.0
21,0.997405469417572,0.9898017048835754,11.0,7.0,0.03775684908032417,0.009907468,0.993318498134613,0.9962006211280823,1309.0,438.0,0.8464003205299377,0.8546895384788513,101.0,9.0,0.6672429442405701,0.5260416865348816,0.0,556.0,91.0
22,0.9992815852165222,0.9898017048835754,12.0,6.0,0.02850632183253765,0.009896582,0.9977728128433228,0.9977203607559204,1310.0,437.0,0.8865182399749756,0.8784676194190979,76.0,16.0,0.5921074151992798,0.65625,0.0,549.0,116.0
23,0.9997884631156921,0.9949008226394653,5.0,4.0,0.01615491881966591,0.009885214,0.9977728128433228,0.9992401003837585,1312.0,444.0,0.8239030241966248,0.8718625903129578,85.0,12.0,1.011128544807434,0.6302083134651184,0.0,553.0,107.0
24,0.9968056678771973,0.9892351031303406,12.0,7.0,0.03814419358968735,0.009873366,0.9910913109779358,0.9977203607559204,1309.0,437.0,0.8797796964645386,0.886393666267395,65.0,21.0,0.6075336337089539,0.7083333134651184,0.0,544.0,127.0
25,0.9979606866836548,0.9909348487854004,9.0,7.0,0.030956650152802467,0.00986104,0.993318498134613,0.996960461139679,1309.0,440.0,0.9088910222053528,0.8943196535110474,61.0,19.0,0.5192083120346069,0.7447916865348816,0.0,546.0,131.0
26,0.9997292757034302,0.9966005682945251,4.0,2.0,0.016060035675764084,0.009848237,1.0,0.9992401003837585,1314.0,445.0,0.9094349145889282,0.8916776776313782,51.0,31.0,0.5217128992080688,0.734375,0.0,534.0,141.0
27,0.9999916553497314,0.998866856098175,1.0,1.0,0.004850371275097132,0.00983496,1.0,1.0,1315.0,448.0,0.9062638282775879,0.9048877358436584,55.0,17.0,0.5313614010810852,0.7604166865348816,0.0,548.0,137.0
28,1.0,1.0,0.0,0.0,0.001280188444070518,0.00982121,1.0,1.0,1316.0,449.0,0.9098588824272156,0.9009246826171875,37.0,38.0,0.5430780053138733,0.7708333134651184,0.0,527.0,155.0
29,1.0,1.0,0.0,0.0,0.0004698497068602592,0.00980699,1.0,1.0,1316.0,449.0,0.9113386273384094,0.9022457003593445,39.0,35.0,0.5710877180099487,0.75,0.0,530.0,153.0
30,0.9987468123435974,0.9983002543449402,2.0,1.0,0.010478786192834377,0.009792301,0.9977728128433228,1.0,1315.0,447.0,0.890938401222229,0.8956406712532043,51.0,28.0,0.5762802958488464,0.734375,0.0,537.0,141.0
31,0.9958959817886353,0.9932011365890503,7.0,5.0,0.0331365130841732,0.009777146,0.9910913109779358,0.9984802603721619,1311.0,442.0,0.7925056219100952,0.8612945675849915,104.0,1.0,1.9886047840118408,0.6041666865348816,0.0017699114978313446,564.0,88.0
32,0.9954661130905151,0.9818696975708008,18.0,14.0,0.05031450465321541,0.009761528,0.9888641238212585,0.9924012422561646,1302.0,431.0,0.8543233871459961,0.8546895384788513,106.0,4.0,0.7332283854484558,0.6458333134651184,0.0,561.0,86.0
33,0.9981112480163574,0.9881019592285156,12.0,9.0,0.03461749479174614,0.009745448,0.9977728128433228,0.9977203607559204,1307.0,437.0,0.917809784412384,0.886393666267395,45.0,41.0,0.4411456286907196,0.6979166865348816,0.5415928959846497,524.0,147.0
34,0.9996556043624878,0.9943342804908752,6.0,4.0,0.01928771287202835,0.009728909,0.9977728128433228,0.9992401003837585,1312.0,443.0,0.9337573051452637,0.8956406712532043,35.0,44.0,0.4335905611515045,0.734375,0.6336283087730408,521.0,157.0
35,0.9999569654464722,0.9977337121963501,2.0,2.0,0.0075592100620269775,0.009711913,1.0,1.0,1314.0,447.0,0.9116103649139404,0.8903566598892212,58.0,25.0,0.5506619811058044,0.7135416865348816,0.0,540.0,134.0
36,0.999983012676239,0.998866856098175,1.0,1.0,0.004611153155565262,0.009694463,1.0,1.0,1315.0,448.0,0.8341307044029236,0.8626155853271484,99.0,5.0,1.0366333723068237,0.6875,0.0,560.0,93.0
37,0.9999417066574097,0.9949008226394653,7.0,2.0,0.011561808176338673,0.009676561,1.0,1.0,1314.0,442.0,0.8554019331932068,0.885072648525238,75.0,12.0,1.2550780773162842,0.734375,0.0,553.0,117.0
38,0.9994584918022156,0.9920679926872253,7.0,7.0,0.017383510246872902,0.00965821,1.0,0.9984802603721619,1309.0,442.0,0.8715522885322571,0.8824306726455688,79.0,10.0,0.9526805281639099,0.7447916865348816,0.0,555.0,113.0
39,0.9999721050262451,0.998866856098175,1.0,1.0,0.005070788320153952,0.009639413,1.0,1.0,1315.0,448.0,0.8879101276397705,0.8811096549034119,76.0,14.0,0.7704293727874756,0.7760416865348816,0.0,551.0,116.0
40,0.9999949336051941,0.9983002543449402,2.0,1.0,0.00337312207557261,0.009620173,1.0,1.0,1315.0,447.0,0.9106426239013672,0.8903566598892212,42.0,41.0,0.590262234210968,0.7708333134651184,0.0,524.0,150.0
41,0.9963436126708984,0.9920679926872253,10.0,4.0,0.024943523108959198,0.009600492,0.993318498134613,0.9992401003837585,1312.0,439.0,0.830176055431366,0.8678995966911316,95.0,5.0,1.5510079860687256,0.6041666865348816,0.012389380484819412,560.0,97.0
42,0.9910777807235718,0.9728045463562012,28.0,20.0,0.08938681334257126,0.009580374,0.9688196182250977,0.9772036671638489,1296.0,421.0,0.898658812046051,0.848084568977356,43.0,72.0,0.45493635535240173,0.5885416865348816,0.5203539729118347,493.0,149.0
43,0.9992764592170715,0.9903682470321655,9.0,8.0,0.028700999915599823,0.00955982,0.9955456852912903,0.9977203607559204,1308.0,440.0,0.9084162712097168,0.8507265448570251,53.0,60.0,0.38063937425613403,0.6614583134651184,0.5061947107315063,505.0,139.0
44,0.9999686479568481,0.9994333982467651,1.0,0.0,0.005260938312858343,0.009538835,1.0,1.0,1316.0,448.0,0.9258204698562622,0.8956406712532043,50.0,29.0,0.3739531338214874,0.7291666865348816,0.0,536.0,142.0
45,0.999989926815033,0.9994333982467651,0.0,1.0,0.003568675136193633,0.009517421,1.0,1.0,1315.0,449.0,0.9306046962738037,0.8916776776313782,44.0,38.0,0.4319215416908264,0.7291666865348816,0.0,527.0,148.0
46,1.0,1.0,0.0,0.0,0.001310260035097599,0.0094955815,1.0,1.0,1316.0,449.0,0.9022723436355591,0.8982827067375183,52.0,25.0,0.5269404649734497,0.75,0.0,540.0,140.0
47,1.0,1.0,0.0,0.0,0.0005873873014934361,0.009473319,1.0,1.0,1316.0,449.0,0.8998801112174988,0.9048877358436584,49.0,23.0,0.581820547580719,0.7604166865348816,0.0,542.0,143.0
48,1.0,1.0,0.0,0.0,0.0002668531669769436,0.009450638,1.0,1.0,1316.0,449.0,0.8972713947296143,0.9035667181015015,52.0,21.0,0.620360255241394,0.765625,0.0,544.0,140.0
49,1.0,1.0,0.0,0.0,0.00024836239754222333,0.00942754,1.0,1.0,1316.0,449.0,0.8984513282775879,0.9062086939811707,53.0,18.0,0.637647271156311,0.7604166865348816,0.0,547.0,139.0
50,1.0,1.0,0.0,0.0,0.00041345335193909705,0.00940403,1.0,1.0,1316.0,449.0,0.8981885313987732,0.9062086939811707,49.0,22.0,0.6000238656997681,0.75,0.0,543.0,143.0
51,1.0,1.0,0.0,0.0,0.00016148341819643974,0.009380111,1.0,1.0,1316.0,449.0,0.900825023651123,0.9062086939811707,49.0,22.0,0.6158052086830139,0.75,0.0,543.0,143.0
52,1.0,1.0,0.0,0.0,0.00013391429092735052,0.009355785,1.0,1.0,1316.0,449.0,0.8989169001579285,0.9062086939811707,50.0,21.0,0.6278059482574463,0.75,0.0,544.0,142.0
53,1.0,1.0,0.0,0.0,0.00017986031889449805,0.009331058,1.0,1.0,1316.0,449.0,0.9007144570350647,0.9048877358436584,50.0,22.0,0.6198252439498901,0.7552083134651184,0.0,543.0,142.0
54,0.999996542930603,0.998866856098175,1.0,1.0,0.002053062431514263,0.009305932,1.0,1.0,1315.0,448.0,0.9078448414802551,0.9022457003593445,45.0,29.0,0.6216686367988586,0.765625,0.0,536.0,147.0
55,0.996721088886261,0.9932011365890503,8.0,4.0,0.033646292984485626,0.009280411,0.9955456852912903,0.9984802603721619,1312.0,441.0,0.8788670301437378,0.7595772743225098,25.0,157.0,0.9718315005302429,0.0,0.48672565817832947,408.0,167.0
56,0.9957478046417236,0.9830028414726257,16.0,14.0,0.05721868574619293,0.009254498,0.9910913109779358,0.9924012422561646,1302.0,433.0,0.9079461097717285,0.8929986953735352,53.0,28.0,0.4726063013076782,0.7239583134651184,0.0,537.0,139.0
57,0.999910295009613,0.9977337121963501,2.0,2.0,0.008921916596591473,0.009228198,1.0,0.9992401003837585,1314.0,447.0,0.8756315112113953,0.8784676194190979,79.0,13.0,0.7414097785949707,0.7083333134651184,0.0,552.0,113.0
58,0.9994288086891174,0.9943342804908752,7.0,3.0,0.021353932097554207,0.009201514,1.0,0.9992401003837585,1313.0,442.0,0.8582596182823181,0.887714684009552,65.0,20.0,0.7861000895500183,0.6666666865348816,0.0,545.0,127.0
59,0.9994863271713257,0.9954674243927002,4.0,4.0,0.015030127950012684,0.009174449,1.0,0.9992401003837585,1312.0,445.0,0.890689492225647,0.8890356421470642,49.0,35.0,0.6085108518600464,0.7135416865348816,0.0,530.0,143.0
60,0.9999332427978516,0.9960339665412903,3.0,4.0,0.009996133856475353,0.009147008,1.0,1.0,1312.0,446.0,0.8797981142997742,0.8903566598892212,61.0,22.0,0.6631420254707336,0.7083333134651184,0.0,543.0,131.0
61,0.9987367391586304,0.9971671104431152,3.0,2.0,0.016458405181765556,0.009119194,0.9977728128433228,0.9984802603721619,1314.0,446.0,0.8646847009658813,0.8678995966911316,69.0,31.0,0.6999491453170776,0.625,0.0,534.0,123.0
62,0.9998883605003357,0.9960339665412903,2.0,5.0,0.012873681262135506,0.009091012,1.0,1.0,1311.0,447.0,0.7978106737136841,0.8084544539451599,66.0,79.0,0.9659309387207031,0.484375,0.0,486.0,126.0
63,0.9999933242797852,0.9994333982467651,0.0,1.0,0.0035974218044430017,0.009062465,1.0,1.0,1315.0,449.0,0.8771018385887146,0.8929986953735352,59.0,22.0,0.7814367413520813,0.71875,0.0,543.0,133.0
64,0.9999982714653015,0.998866856098175,1.0,1.0,0.001985427923500538,0.009033558,1.0,1.0,1315.0,448.0,0.8784752488136292,0.883751630783081,48.0,40.0,0.7673164010047913,0.7395833134651184,0.0,525.0,144.0
65,1.0,1.0,0.0,0.0,0.0010276412358507514,0.009004294,1.0,1.0,1316.0,449.0,0.8635784983634949,0.8982827067375183,63.0,14.0,0.9370350241661072,0.7291666865348816,0.0,551.0,129.0
66,0.9976712465286255,0.9971671104431152,3.0,2.0,0.016269249841570854,0.008974678,0.9955456852912903,1.0,1314.0,446.0,0.8681692481040955,0.887714684009552,62.0,23.0,0.8406707644462585,0.6927083134651184,0.0,542.0,130.0
67,0.9998730421066284,0.9971671104431152,3.0,2.0,0.009946431033313274,0.0089447135,0.9977728128433228,1.0,1314.0,446.0,0.8975617289543152,0.8916776776313782,49.0,33.0,0.5607060194015503,0.7447916865348816,0.0,532.0,143.0
68,1.0,0.9994333982467651,1.0,0.0,0.0024676984176039696,0.008914405,1.0,1.0,1316.0,448.0,0.8905189633369446,0.8916776776313782,55.0,27.0,0.7485962510108948,0.7135416865348816,0.0,538.0,137.0
69,1.0,1.0,0.0,0.0,0.0008343088557012379,0.008883756,1.0,1.0,1316.0,449.0,0.8850617408752441,0.8929986953735352,52.0,29.0,0.7215277552604675,0.7291666865348816,0.0,536.0,140.0
70,1.0,1.0,0.0,0.0,0.0004090687434654683,0.008852771,1.0,1.0,1316.0,449.0,0.8869837522506714,0.8929986953735352,49.0,32.0,0.7185319662094116,0.71875,0.0,533.0,143.0
71,1.0,1.0,0.0,0.0,0.0002665744395926595,0.008821455,1.0,1.0,1316.0,449.0,0.8867486119270325,0.8929986953735352,50.0,31.0,0.7215877175331116,0.7239583134651184,0.0,534.0,142.0
72,1.0,1.0,0.0,0.0,0.00032018893398344517,0.008789811,1.0,1.0,1316.0,449.0,0.8783599734306335,0.8916776776313782,54.0,28.0,0.7476466298103333,0.71875,0.0,537.0,138.0
73,1.0,1.0,0.0,0.0,0.00017738940368872136,0.0087578455,1.0,1.0,1316.0,449.0,0.8749584555625916,0.8903566598892212,54.0,29.0,0.7589177489280701,0.71875,0.0,536.0,138.0
74,1.0,1.0,0.0,0.0,0.0001713751262286678,0.008725561,1.0,1.0,1316.0,449.0,0.8741150498390198,0.8916776776313782,54.0,28.0,0.769536554813385,0.71875,0.0,537.0,138.0
75,1.0,1.0,0.0,0.0,0.00027865805895999074,0.008692963,1.0,1.0,1316.0,449.0,0.8822502493858337,0.885072648525238,49.0,38.0,0.7428781390190125,0.71875,0.0,527.0,143.0
76,0.9999999403953552,1.0,0.0,0.0,0.00010266595927532762,0.008660055,1.0,1.0,1316.0,449.0,0.8800469636917114,0.886393666267395,53.0,33.0,0.7635986804962158,0.7135416865348816,0.0,532.0,139.0
77,0.9999983906745911,0.9994333982467651,0.0,1.0,0.001755405100993812,0.008626841,1.0,1.0,1315.0,449.0,0.8358270525932312,0.887714684009552,76.0,9.0,1.126996636390686,0.6979166865348816,0.0,556.0,116.0
78,0.9999966621398926,0.998866856098175,1.0,1.0,0.002251598285511136,0.008593327,1.0,1.0,1315.0,448.0,0.8402056097984314,0.8903566598892212,71.0,12.0,1.1073522567749023,0.703125,0.0,553.0,121.0
79,1.0,1.0,0.0,0.0,0.00037617245106957853,0.008559518,1.0,1.0,1316.0,449.0,0.8688374161720276,0.8916776776313782,54.0,28.0,0.8056989908218384,0.71875,0.0,537.0,138.0
80,1.0,1.0,0.0,0.0,0.00012252407032065094,0.008525416,1.0,1.0,1316.0,449.0,0.8754286766052246,0.8929986953735352,53.0,28.0,0.7939020991325378,0.7239583134651184,0.0,537.0,139.0
81,1.0,1.0,0.0,0.0,0.00018650047422852367,0.008491027,1.0,1.0,1316.0,449.0,0.880286693572998,0.8929986953735352,53.0,28.0,0.7862347364425659,0.7239583134651184,0.0,537.0,139.0
82,0.9988864064216614,0.998866856098175,2.0,0.0,0.014262648299336433,0.008456356,0.9977728128433228,1.0,1316.0,447.0,0.90334153175354,0.8784676194190979,45.0,47.0,0.6775389909744263,0.734375,0.0,518.0,147.0
83,0.9795321822166443,0.9620396494865417,48.0,19.0,0.12994202971458435,0.008421407,0.9510022401809692,0.9528875350952148,1297.0,401.0,0.870962381362915,0.8229854702949524,51.0,83.0,0.47415414452552795,0.6197916865348816,0.3539822995662689,482.0,141.0
84,0.9966176748275757,0.9864022731781006,14.0,10.0,0.04056340456008911,0.008386185,0.993318498134613,0.9977203607559204,1306.0,435.0,0.9119976758956909,0.845442533493042,38.0,79.0,0.43713685870170593,0.6197916865348816,0.5079646110534668,486.0,154.0
85,0.9999602437019348,0.9960339665412903,3.0,4.0,0.010916964150965214,0.008350695,1.0,1.0,1312.0,446.0,0.877424418926239,0.8890356421470642,57.0,27.0,0.5741791725158691,0.7135416865348816,0.0,538.0,135.0
86,0.9999576210975647,0.9966005682945251,4.0,2.0,0.008823342621326447,0.00831494,1.0,1.0,1314.0,445.0,0.865085780620575,0.8969616889953613,69.0,9.0,0.6952267289161682,0.7135416865348816,0.0,556.0,123.0
87,0.9999839663505554,0.9977337121963501,2.0,2.0,0.005816711578518152,0.008278927,1.0,1.0,1314.0,447.0,0.8850294351577759,0.9075297117233276,53.0,17.0,0.5936768651008606,0.75,0.0,548.0,139.0
88,1.0,1.0,0.0,0.0,0.0016943828668445349,0.008242659,1.0,1.0,1316.0,449.0,0.8961467146873474,0.8916776776313782,51.0,31.0,0.5767067074775696,0.734375,0.0,534.0,141.0
89,1.0,1.0,0.0,0.0,0.0007045654929243028,0.008206142,1.0,1.0,1316.0,449.0,0.8877627849578857,0.8996037244796753,58.0,18.0,0.6191923022270203,0.7291666865348816,0.0,547.0,134.0
90,1.0,1.0,0.0,0.0,0.0004217034438624978,0.00816938,1.0,1.0,1316.0,449.0,0.884941816329956,0.9022457003593445,53.0,21.0,0.6360089778900146,0.7291666865348816,0.0,544.0,139.0
91,1.0,1.0,0.0,0.0,0.0002212631661677733,0.008132378,1.0,1.0,1316.0,449.0,0.8844902515411377,0.8996037244796753,53.0,23.0,0.6517369747161865,0.7447916865348816,0.0,542.0,139.0
92,0.9988187551498413,0.9977337121963501,3.0,1.0,0.011856508441269398,0.00809514,0.9977728128433228,1.0,1315.0,446.0,0.8798580765724182,0.8256275057792664,34.0,98.0,0.7845782041549683,0.0,0.0,467.0,158.0
93,1.0,0.9994333982467651,0.0,1.0,0.0018391244811937213,0.008057672,1.0,1.0,1315.0,449.0,0.8944966197013855,0.8943196535110474,52.0,28.0,0.5902983546257019,0.7291666865348816,0.0,537.0,140.0
94,1.0,1.0,0.0,0.0,0.0007618525996804237,0.008019977,1.0,1.0,1316.0,449.0,0.8870990872383118,0.9009246826171875,51.0,24.0,0.62297123670578,0.734375,0.0,541.0,141.0
95,0.9999982118606567,0.9994333982467651,1.0,0.0,0.001392423757351935,0.007982062,1.0,1.0,1316.0,448.0,0.8703494071960449,0.8797886371612549,63.0,28.0,0.7910488247871399,0.6875,0.0,537.0,129.0
96,0.9999983906745911,0.998866856098175,1.0,1.0,0.002402966609224677,0.007943931,1.0,1.0,1315.0,448.0,0.8856102228164673,0.886393666267395,51.0,35.0,0.7345553040504456,0.6927083134651184,0.0,530.0,141.0
97,1.0,1.0,0.0,0.0,0.0006302329711616039,0.0079055885,1.0,1.0,1316.0,449.0,0.8922473788261414,0.8929986953735352,47.0,34.0,0.7167194485664368,0.7135416865348816,0.0,531.0,145.0
98,1.0,1.0,0.0,0.0,0.00030540869920514524,0.00786704,1.0,1.0,1316.0,449.0,0.8873063325881958,0.8969616889953613,52.0,26.0,0.7200948596000671,0.7291666865348816,0.0,539.0,140.0
99,1.0,1.0,0.0,0.0,0.00023483320546802133,0.00782829,1.0,1.0,1316.0,449.0,0.8873894214630127,0.8982827067375183,51.0,26.0,0.743030309677124,0.7395833134651184,0.0,539.0,141.0
100,0.9999983310699463,0.9994333982467651,0.0,1.0,0.0019046837696805596,0.007789343,1.0,1.0,1315.0,449.0,0.8748111128807068,0.8943196535110474,63.0,17.0,0.8039404153823853,0.71875,0.0,548.0,129.0
101,1.0,1.0,0.0,0.0,0.0005854775663465261,0.0077502048,1.0,1.0,1316.0,449.0,0.8901273012161255,0.8943196535110474,48.0,32.0,0.709842324256897,0.734375,0.0,533.0,144.0
102,1.0,1.0,0.0,0.0,0.0002045098226517439,0.007710879,1.0,1.0,1316.0,449.0,0.8922153115272522,0.8916776776313782,49.0,33.0,0.7110733389854431,0.7291666865348816,0.0,532.0,143.0
103,1.0000001192092896,1.0,0.0,0.0,0.00034602792584337294,0.0076713716,1.0,1.0,1316.0,449.0,0.8822363018989563,0.9022457003593445,54.0,20.0,0.7160744667053223,0.7447916865348816,0.0,545.0,138.0
104,1.0,1.0,0.0,0.0,9.971147665055469e-05,0.007631687,1.0,1.0,1316.0,449.0,0.8806093335151672,0.8996037244796753,55.0,21.0,0.7241566777229309,0.7447916865348816,0.0,544.0,137.0
105,1.0,1.0,0.0,0.0,7.531658775405958e-05,0.00759183,1.0,1.0,1316.0,449.0,0.8803420066833496,0.8996037244796753,55.0,21.0,0.7351675629615784,0.7447916865348816,0.0,544.0,137.0
106,1.0,1.0,0.0,0.0,0.00013554978067986667,0.0075518056,1.0,1.0,1316.0,449.0,0.8822962045669556,0.9009246826171875,54.0,21.0,0.7341006994247437,0.7447916865348816,0.0,544.0,138.0
107,1.0,1.0,0.0,0.0,8.31035795272328e-05,0.0075116185,1.0,1.0,1316.0,449.0,0.8801438212394714,0.8969616889953613,55.0,23.0,0.7551246881484985,0.7447916865348816,0.0,542.0,137.0
108,1.0,1.0,0.0,0.0,8.203116885852069e-05,0.0074712737,1.0,1.0,1316.0,449.0,0.8779636025428772,0.8969616889953613,55.0,23.0,0.7515372633934021,0.75,0.0,542.0,137.0
109,1.0,1.0,0.0,0.0,8.677446749061346e-05,0.007430776,1.0,1.0,1316.0,449.0,0.8818767666816711,0.8969616889953613,54.0,24.0,0.751768946647644,0.7447916865348816,0.0,541.0,138.0
110,1.0,1.0,0.0,0.0,7.866328087402508e-05,0.0073901303,1.0,1.0,1316.0,449.0,0.880932092666626,0.8956406712532043,53.0,26.0,0.768729031085968,0.734375,0.0,539.0,139.0
111,0.9999924302101135,0.998866856098175,2.0,0.0,0.003522139508277178,0.0073493416,1.0,1.0,1316.0,447.0,0.8689437508583069,0.8824306726455688,61.0,28.0,0.7157121896743774,0.6822916865348816,0.0,537.0,131.0
112,0.9988753795623779,0.998866856098175,1.0,1.0,0.00895315408706665,0.0073084147,0.9977728128433228,1.0,1315.0,448.0,0.8842368125915527,0.8745046257972717,53.0,42.0,0.7161010503768921,0.6979166865348816,0.0,523.0,139.0
113,1.0,1.0,0.0,0.0,0.0006334935897029936,0.007267354,1.0,1.0,1316.0,449.0,0.8931737542152405,0.8758256435394287,47.0,47.0,0.7049195170402527,0.71875,0.0,518.0,145.0
114,1.0,1.0,0.0,0.0,0.00027019192930310965,0.007226165,1.0,1.0,1316.0,449.0,0.882752537727356,0.8903566598892212,54.0,29.0,0.7227255702018738,0.71875,0.0,536.0,138.0
115,1.0,1.0,0.0,0.0,0.0001264826423721388,0.007184852,1.0,1.0,1316.0,449.0,0.883503794670105,0.8903566598892212,54.0,29.0,0.7372131943702698,0.71875,0.0,536.0,138.0
116,1.0,1.0,0.0,0.0,0.0002379657671554014,0.00714342,1.0,1.0,1316.0,449.0,0.8813237547874451,0.8903566598892212,54.0,29.0,0.7497014999389648,0.71875,0.0,536.0,138.0
117,1.0,1.0,0.0,0.0,0.00015811005141586065,0.0071018743,1.0,1.0,1316.0,449.0,0.8801945447921753,0.8890356421470642,50.0,34.0,0.729171872138977,0.734375,0.0,531.0,142.0
118,1.0,1.0,0.0,0.0,0.0001496678014518693,0.007060219,1.0,1.0,1316.0,449.0,0.8780604600906372,0.8890356421470642,51.0,33.0,0.7440897226333618,0.7291666865348816,0.0,532.0,141.0
119,1.0,1.0,0.0,0.0,0.00015633639122825116,0.007018459,1.0,1.0,1316.0,449.0,0.8782309889793396,0.8929986953735352,51.0,30.0,0.7487717270851135,0.71875,0.0,535.0,141.0
120,1.0,1.0,0.0,0.0,0.0004959533689543605,0.0069765993,1.0,1.0,1316.0,449.0,0.8855502605438232,0.8943196535110474,51.0,29.0,0.6776889562606812,0.734375,0.0,536.0,141.0
121,1.0,1.0,0.0,0.0,9.069908992387354e-05,0.0069346447,1.0,1.0,1316.0,449.0,0.8864445686340332,0.8982827067375183,51.0,26.0,0.7099692225456238,0.7395833134651184,0.0,539.0,141.0
122,1.0,1.0,0.0,0.0,0.00011835201439680532,0.0068925996,1.0,1.0,1316.0,449.0,0.8841999173164368,0.8969616889953613,51.0,27.0,0.727806568145752,0.734375,0.0,538.0,141.0
123,1.0,1.0,0.0,0.0,6.0845326515845954e-05,0.0068504694,1.0,1.0,1316.0,449.0,0.884043276309967,0.8969616889953613,51.0,27.0,0.7403805255889893,0.734375,0.0,538.0,141.0
124,1.0,1.0,0.0,0.0,0.00010769177606562153,0.006808258,1.0,1.0,1316.0,449.0,0.8770971298217773,0.8982827067375183,51.0,26.0,0.7515067458152771,0.734375,0.0,539.0,141.0
125,1.0,1.0,0.0,0.0,0.00010673253564164042,0.006765971,1.0,1.0,1316.0,449.0,0.87587571144104,0.8956406712532043,52.0,27.0,0.7547533512115479,0.734375,0.0,538.0,140.0
126,1.0,1.0,0.0,0.0,5.582290032180026e-05,0.006723612,1.0,1.0,1316.0,449.0,0.8778806924819946,0.8982827067375183,51.0,26.0,0.7590520977973938,0.734375,0.0,539.0,141.0
127,1.0,1.0,0.0,0.0,8.13364822533913e-05,0.0066811866,1.0,1.0,1316.0,449.0,0.8806461691856384,0.8956406712532043,52.0,27.0,0.7608566880226135,0.734375,0.0,538.0,140.0
128,1.0,1.0,0.0,0.0,0.0001209420952363871,0.0066386987,1.0,1.0,1316.0,449.0,0.8708932399749756,0.8982827067375183,54.0,23.0,0.7743446230888367,0.7291666865348816,0.0,542.0,138.0
129,1.0,1.0,0.0,0.0,4.018064646515995e-05,0.0065961536,1.0,1.0,1316.0,449.0,0.8706951141357422,0.8969616889953613,54.0,24.0,0.7741472125053406,0.7291666865348816,0.0,541.0,138.0
130,1.0,1.0,0.0,0.0,0.00011594645184231922,0.0065535554,1.0,1.0,1316.0,449.0,0.8724512457847595,0.8943196535110474,54.0,26.0,0.7691956758499146,0.7291666865348816,0.0,539.0,138.0
131,1.0,1.0,0.0,0.0,2.9279790396685712e-05,0.0065109087,1.0,1.0,1316.0,449.0,0.8730411529541016,0.8969616889953613,53.0,25.0,0.7774190306663513,0.734375,0.0,540.0,139.0
132,1.0,1.0,0.0,0.0,6.526597280753776e-05,0.0064682183,1.0,1.0,1316.0,449.0,0.8730365037918091,0.8956406712532043,54.0,25.0,0.7815815210342407,0.7291666865348816,0.0,540.0,138.0
133,1.0,1.0,0.0,0.0,5.457576844491996e-05,0.0064254887,1.0,1.0,1316.0,449.0,0.8709255456924438,0.8943196535110474,55.0,25.0,0.7840945720672607,0.7291666865348816,0.0,540.0,137.0
134,0.9977702498435974,0.9983002543449402,3.0,0.0,0.020372746512293816,0.0063827243,0.9955456852912903,1.0,1316.0,446.0,0.8832595348358154,0.8943196535110474,52.0,28.0,0.7424411773681641,0.7291666865348816,0.0,537.0,140.0
135,0.9986791610717773,0.9994333982467651,1.0,0.0,0.011689916253089905,0.0063399295,0.9977728128433228,1.0,1316.0,448.0,0.9051069021224976,0.8982827067375183,51.0,26.0,0.5232428312301636,0.75,0.0,539.0,141.0
136,0.9999966621398926,0.998866856098175,1.0,1.0,0.0029701762832701206,0.006297109,1.0,1.0,1315.0,448.0,0.9074668288230896,0.8903566598892212,45.0,38.0,0.5654208064079285,0.7239583134651184,0.0,527.0,147.0
137,1.0,1.0,0.0,0.0,0.0008703523781150579,0.0062542674,1.0,1.0,1316.0,449.0,0.8910996913909912,0.8969616889953613,51.0,27.0,0.6011500954627991,0.734375,0.0,538.0,141.0
138,1.0,0.9994333982467651,1.0,0.0,0.000981667311862111,0.006211409,1.0,1.0,1316.0,448.0,0.8942431807518005,0.8969616889953613,49.0,29.0,0.5966620445251465,0.7395833134651184,0.0,536.0,143.0
139,1.0,1.0,0.0,0.0,0.0003940009919460863,0.006168538,1.0,1.0,1316.0,449.0,0.8839187622070312,0.8956406712532043,50.0,29.0,0.6115269660949707,0.7395833134651184,0.0,536.0,142.0
140,0.9999999403953552,1.0,0.0,0.0,0.00036175004788674414,0.0061256583,1.0,1.0,1316.0,449.0,0.8844118714332581,0.8956406712532043,51.0,28.0,0.6288391351699829,0.7447916865348816,0.0,537.0,141.0
141,1.0,1.0,0.0,0.0,0.00029087296570651233,0.0060827746,1.0,1.0,1316.0,449.0,0.8830291628837585,0.8943196535110474,53.0,27.0,0.6434980034828186,0.734375,0.0,538.0,139.0
142,1.0,1.0,0.0,0.0,0.0002906105073634535,0.0060398914,1.0,1.0,1316.0,449.0,0.8829784989356995,0.8943196535110474,54.0,26.0,0.6546882390975952,0.734375,0.0,539.0,138.0
143,0.9999999403953552,1.0,0.0,0.0,0.0002003487606998533,0.005997013,1.0,1.0,1316.0,449.0,0.8837114572525024,0.8969616889953613,53.0,25.0,0.662815511226654,0.7395833134651184,0.0,540.0,139.0
144,0.9999999403953552,1.0,0.0,0.0,0.00029127253219485283,0.005954143,1.0,1.0,1316.0,449.0,0.8823976516723633,0.8929986953735352,51.0,30.0,0.6736217737197876,0.734375,0.0,535.0,141.0
145,1.0,1.0,0.0,0.0,0.00017095361545216292,0.0059112865,1.0,1.0,1316.0,449.0,0.8839601278305054,0.8929986953735352,51.0,30.0,0.6784228682518005,0.734375,0.0,535.0,141.0
146,1.0,1.0,0.0,0.0,0.0003242270031478256,0.005868447,1.0,1.0,1316.0,449.0,0.8847346305847168,0.8969616889953613,47.0,31.0,0.6874750852584839,0.7447916865348816,0.0,534.0,145.0
147,0.9966413974761963,0.9983002543449402,3.0,0.0,0.018248962238430977,0.0058256285,0.993318498134613,1.0,1316.0,446.0,0.8938882350921631,0.8916776776313782,44.0,38.0,0.699149489402771,0.7447916865348816,0.0,527.0,148.0
148,0.9998924732208252,0.9971671104431152,3.0,2.0,0.011011267080903053,0.0057828357,1.0,1.0,1314.0,446.0,0.9050838947296143,0.8956406712532043,49.0,30.0,0.49986931681632996,0.7395833134651184,0.0,535.0,143.0
149,0.999989926815033,0.998866856098175,2.0,0.0,0.004719431046396494,0.005740072,1.0,1.0,1316.0,447.0,0.8809042572975159,0.885072648525238,62.0,25.0,0.6560565829277039,0.7083333134651184,0.0,540.0,130.0
150,1.0,0.9994333982467651,1.0,0.0,0.0016864552162587643,0.005697342,1.0,1.0,1316.0,448.0,0.8947778940200806,0.885072648525238,58.0,29.0,0.6325044631958008,0.6979166865348816,0.0,536.0,134.0
151,0.9961989521980286,0.9960339665412903,5.0,2.0,0.028855232521891594,0.0056546493,0.993318498134613,1.0,1314.0,444.0,0.912154495716095,0.8943196535110474,53.0,27.0,0.5874997973442078,0.7239583134651184,0.0,538.0,139.0
152,0.9985148906707764,0.998866856098175,2.0,0.0,0.008650685660541058,0.005611998,0.9955456852912903,1.0,1316.0,447.0,0.8992533087730408,0.883751630783081,52.0,36.0,0.5779458284378052,0.7239583134651184,0.0,529.0,140.0
153,0.9999999403953552,1.0,0.0,0.0,0.0021213649306446314,0.0055693923,1.0,1.0,1316.0,449.0,0.8864722847938538,0.8890356421470642,56.0,28.0,0.5906258821487427,0.7083333134651184,0.0,537.0,136.0
154,1.0,1.0,0.0,0.0,0.0010040575871244073,0.0055268356,1.0,1.0,1316.0,449.0,0.8814758062362671,0.885072648525238,58.0,29.0,0.6279521584510803,0.6979166865348816,0.0,536.0,134.0
155,1.0,1.0,0.0,0.0,0.0005422033718787134,0.005484332,1.0,1.0,1316.0,449.0,0.8776502013206482,0.886393666267395,58.0,28.0,0.6450425982475281,0.7083333134651184,0.0,537.0,134.0
156,1.0,1.0,0.0,0.0,0.0004651708295568824,0.005441885,1.0,1.0,1316.0,449.0,0.8759310841560364,0.8890356421470642,58.0,26.0,0.670960545539856,0.6979166865348816,0.0,539.0,134.0
157,1.0,1.0,0.0,0.0,0.0004340536252129823,0.005399499,1.0,1.0,1316.0,449.0,0.8745298981666565,0.8916776776313782,55.0,27.0,0.6812631487846375,0.7135416865348816,0.0,538.0,137.0
158,1.0,1.0,0.0,0.0,0.00037958493339829147,0.0053571775,1.0,1.0,1316.0,449.0,0.8774058222770691,0.8890356421470642,55.0,29.0,0.6988095045089722,0.7135416865348816,0.0,536.0,137.0
159,1.0,1.0,0.0,0.0,0.00027129208319820464,0.005314924,1.0,1.0,1316.0,449.0,0.8747280240058899,0.8929986953735352,54.0,27.0,0.7054235339164734,0.71875,0.0,538.0,138.0
160,1.0,1.0,0.0,0.0,0.00019822728063445538,0.005272742,1.0,1.0,1316.0,449.0,0.8750506639480591,0.8903566598892212,54.0,29.0,0.722232460975647,0.71875,0.0,536.0,138.0
161,1.0,1.0,0.0,0.0,0.00018208447727374732,0.0052306354,1.0,1.0,1316.0,449.0,0.8721654415130615,0.8903566598892212,54.0,29.0,0.7278424501419067,0.71875,0.0,536.0,138.0
162,1.0,1.0,0.0,0.0,0.00017272461263928562,0.0051886076,1.0,1.0,1316.0,449.0,0.8681093454360962,0.8890356421470642,55.0,29.0,0.7368693947792053,0.7135416865348816,0.0,536.0,137.0
163,1.0,1.0,0.0,0.0,0.00018552991969045252,0.0051466622,1.0,1.0,1316.0,449.0,0.8684642314910889,0.8903566598892212,54.0,29.0,0.7500953674316406,0.71875,0.0,536.0,138.0
164,1.0,1.0,0.0,0.0,0.00013930136628914624,0.005104803,1.0,1.0,1316.0,449.0,0.8705015182495117,0.8916776776313782,54.0,28.0,0.7541453242301941,0.71875,0.0,537.0,138.0
165,1.0,1.0,0.0,0.0,0.00016386958304792643,0.005063033,1.0,1.0,1316.0,449.0,0.866371750831604,0.8929986953735352,55.0,26.0,0.7611465454101562,0.7135416865348816,0.0,539.0,137.0
166,1.0,1.0,0.0,0.0,0.00012797029921784997,0.005021356,1.0,1.0,1316.0,449.0,0.8711422681808472,0.887714684009552,56.0,29.0,0.771206796169281,0.7083333134651184,0.0,536.0,136.0
167,1.0,1.0,0.0,0.0,0.0001152255354099907,0.004979775,1.0,1.0,1316.0,449.0,0.863878071308136,0.8916776776313782,55.0,27.0,0.7792556881904602,0.7135416865348816,0.0,538.0,137.0
168,1.0,1.0,0.0,0.0,0.00011671768152154982,0.0049382932,1.0,1.0,1316.0,449.0,0.8638228178024292,0.8890356421470642,55.0,29.0,0.7809114456176758,0.7135416865348816,0.0,536.0,137.0
169,0.9999999403953552,1.0,0.0,0.0,9.157964814221486e-05,0.004896914,1.0,1.0,1316.0,449.0,0.8675008416175842,0.8890356421470642,56.0,28.0,0.7813411951065063,0.7083333134651184,0.0,537.0,136.0
170,1.0,1.0,0.0,0.0,9.844401938607916e-05,0.004855641,1.0,1.0,1316.0,449.0,0.8650488257408142,0.8890356421470642,56.0,28.0,0.786512017250061,0.7083333134651184,0.0,537.0,136.0
171,1.0,1.0,0.0,0.0,0.0003454808029346168,0.004814477,1.0,1.0,1316.0,449.0,0.8774289488792419,0.8824306726455688,53.0,36.0,0.7704919576644897,0.6979166865348816,0.0,529.0,139.0
172,1.0,1.0,0.0,0.0,9.955638961400837e-05,0.004773426,1.0,1.0,1316.0,449.0,0.8767653107643127,0.885072648525238,54.0,33.0,0.7761663198471069,0.6927083134651184,0.0,532.0,138.0
173,1.0,1.0,0.0,0.0,0.0001080580404959619,0.00473249,1.0,1.0,1316.0,449.0,0.8720593452453613,0.885072648525238,54.0,33.0,0.7827187180519104,0.703125,0.0,532.0,138.0
174,1.0,1.0,0.0,0.0,0.00012040070578223094,0.0046916725,1.0,1.0,1316.0,449.0,0.8703539967536926,0.885072648525238,54.0,33.0,0.7872415781021118,0.6979166865348816,0.0,532.0,138.0
175,1.0,1.0,0.0,0.0,8.758121111895889e-05,0.0046509765,1.0,1.0,1316.0,449.0,0.8688514232635498,0.887714684009552,55.0,30.0,0.7952558398246765,0.703125,0.0,535.0,137.0
176,1.0,1.0,0.0,0.0,7.385705248452723e-05,0.004610405,1.0,1.0,1316.0,449.0,0.8693723678588867,0.8890356421470642,54.0,30.0,0.8018284440040588,0.7135416865348816,0.0,535.0,138.0
177,1.0,1.0,0.0,0.0,8.612772944616154e-05,0.0045699608,1.0,1.0,1316.0,449.0,0.8695889115333557,0.887714684009552,54.0,31.0,0.7968135476112366,0.6979166865348816,0.0,534.0,138.0
178,1.0,1.0,0.0,0.0,0.00017311667033936828,0.004529647,1.0,1.0,1316.0,449.0,0.869763970375061,0.8890356421470642,54.0,30.0,0.7974067330360413,0.6979166865348816,0.0,535.0,138.0
179,1.0,1.0,0.0,0.0,8.354032615898177e-05,0.0044894665,1.0,1.0,1316.0,449.0,0.8713171482086182,0.887714684009552,52.0,33.0,0.7903291583061218,0.703125,0.0,532.0,140.0
180,0.9977592825889587,0.998866856098175,2.0,0.0,0.013394230976700783,0.0044494215,0.9955456852912903,1.0,1316.0,447.0,0.873548150062561,0.8824306726455688,53.0,36.0,0.7936264872550964,0.703125,0.0,529.0,139.0
181,0.9975935220718384,0.998866856098175,2.0,0.0,0.010902820155024529,0.0044095153,0.9955456852912903,1.0,1316.0,447.0,0.887324869632721,0.8797886371612549,48.0,43.0,0.6485059857368469,0.7083333134651184,0.0,522.0,144.0
182,1.0,1.0,0.0,0.0,0.0011787714902311563,0.0043697506,1.0,1.0,1316.0,449.0,0.8888872861862183,0.887714684009552,50.0,35.0,0.6336648464202881,0.7239583134651184,0.0,530.0,142.0
183,0.9999999403953552,1.0,0.0,0.0,0.0009887937922030687,0.00433013,1.0,1.0,1316.0,449.0,0.8827847242355347,0.883751630783081,46.0,42.0,0.6801215410232544,0.7083333134651184,0.0,523.0,146.0
184,1.0,1.0,0.0,0.0,0.0008522149291820824,0.0042906557,1.0,1.0,1316.0,449.0,0.8820059895515442,0.8824306726455688,53.0,36.0,0.6770867705345154,0.7239583134651184,0.0,529.0,139.0
185,0.9988271594047546,0.9994333982467651,1.0,0.0,0.005103710573166609,0.004251331,0.9977728128433228,1.0,1316.0,448.0,0.8935655355453491,0.883751630783081,48.0,40.0,0.685080349445343,0.734375,0.0,525.0,144.0
186,1.0000001192092896,1.0,0.0,0.0,0.0006102478946559131,0.004212158,1.0,1.0,1316.0,449.0,0.8917081952095032,0.886393666267395,49.0,37.0,0.6656112670898438,0.734375,0.0,528.0,143.0
187,0.9988551735877991,0.9994333982467651,1.0,0.0,0.007525344379246235,0.004173139,0.9977728128433228,1.0,1316.0,448.0,0.8968335390090942,0.8916776776313782,47.0,35.0,0.574754536151886,0.7291666865348816,0.0,530.0,145.0
188,1.0,1.0,0.0,0.0,0.0007666570018045604,0.004134277,1.0,1.0,1316.0,449.0,0.8875461220741272,0.8916776776313782,47.0,35.0,0.6268195509910583,0.7239583134651184,0.0,530.0,145.0
189,1.0,1.0,0.0,0.0,0.0005613372777588665,0.004095574,1.0,1.0,1316.0,449.0,0.8833287358283997,0.8916776776313782,50.0,32.0,0.6235443949699402,0.734375,0.0,533.0,142.0
190,1.0,1.0,0.0,0.0,0.0003851998772006482,0.004057032,1.0,1.0,1316.0,449.0,0.8810747861862183,0.8956406712532043,51.0,28.0,0.6294794082641602,0.7395833134651184,0.0,537.0,141.0
191,1.0,1.0,0.0,0.0,0.0004949882277287543,0.004018654,1.0,1.0,1316.0,449.0,0.8866888880729675,0.8890356421470642,46.0,38.0,0.7104442715644836,0.7395833134651184,0.0,527.0,146.0
192,0.9999999403953552,1.0,0.0,0.0,0.00023060290550347418,0.003980442,1.0,1.0,1316.0,449.0,0.886591911315918,0.8890356421470642,46.0,38.0,0.7175573706626892,0.7447916865348816,0.0,527.0,146.0
193,1.0,1.0,0.0,0.0,0.0003922381729353219,0.003942398,1.0,1.0,1316.0,449.0,0.8868316411972046,0.8890356421470642,46.0,38.0,0.739429771900177,0.7552083134651184,0.0,527.0,146.0
194,1.0,1.0,0.0,0.0,0.0002773205633275211,0.003904524,1.0,1.0,1316.0,449.0,0.885559618473053,0.886393666267395,45.0,41.0,0.7542541027069092,0.7447916865348816,0.0,524.0,147.0
195,1.0,1.0,0.0,0.0,0.00023741659242659807,0.0038668225,1.0,1.0,1316.0,449.0,0.8857438564300537,0.883751630783081,46.0,42.0,0.756100058555603,0.75,0.0,523.0,146.0
196,1.0,1.0,0.0,0.0,0.00018717857892625034,0.0038292953,1.0,1.0,1316.0,449.0,0.8859559893608093,0.887714684009552,45.0,40.0,0.7632014155387878,0.7447916865348816,0.0,525.0,147.0
197,1.0000001192092896,1.0,0.0,0.0,0.00027863512514159083,0.0037919446,1.0,1.0,1316.0,449.0,0.8836974501609802,0.887714684009552,46.0,39.0,0.7617971301078796,0.7447916865348816,0.0,526.0,146.0
198,1.0,1.0,0.0,0.0,0.00016671964840497822,0.0037547722,1.0,1.0,1316.0,449.0,0.8821026682853699,0.8916776776313782,46.0,36.0,0.7625094056129456,0.7447916865348816,0.0,529.0,146.0
199,1.0,1.0,0.0,0.0,0.00011208948853891343,0.0037177803,1.0,1.0,1316.0,449.0,0.8806324005126953,0.8916776776313782,46.0,36.0,0.7544628381729126,0.7447916865348816,0.0,529.0,146.0
